#A. Kuznetsova 2019
# column 1: log10(sigmaj) variation across episodes collected
# column 2: P(log10(sigmaj))
2.000000000000000000e+01 5.268471638997815343e-02
2.002525252525252597e+01 5.769935363726640121e-02
2.005050505050505194e+01 6.313756488352220697e-02
2.007575757575757436e+01 6.901950715903275302e-02
2.010101010101010033e+01 7.534203938509546894e-02
2.012626262626262630e+01 8.208869524048670319e-02
2.015151515151515227e+01 8.924649438937781731e-02
2.017676767676767824e+01 9.682634417095767332e-02
2.020202020202020066e+01 1.048824870356005606e-01
2.022727272727272663e+01 1.135260915660122744e-01
2.025252525252525260e+01 1.229288235238059773e-01
2.027777777777777857e+01 1.333139792784480138e-01
2.030303030303030454e+01 1.449351940090989888e-01
2.032828282828282696e+01 1.580453572314002020e-01
2.035353535353535293e+01 1.728606163303521015e-01
2.037878787878787890e+01 1.895257151763403147e-01
2.040404040404040487e+01 2.080870566899746255e-01
2.042929292929293084e+01 2.284787035538914379e-01
2.045454545454545325e+01 2.505242335990624514e-01
2.047979797979797922e+01 2.739543972950252426e-01
2.050505050505050519e+01 2.984375058885495036e-01
2.053030303030303116e+01 3.236170678454665106e-01
2.055555555555555713e+01 3.491499308794068224e-01
2.058080808080807955e+01 3.747383716951632748e-01
2.060606060606060552e+01 4.001511736547679887e-01
2.063131313131313149e+01 4.252313831610844974e-01
2.065656565656565746e+01 4.498915272064700210e-01
2.068181818181818343e+01 4.740998850883039184e-01
2.070707070707070585e+01 4.978632711903409058e-01
2.073232323232323182e+01 5.212122480245187095e-01
2.075757575757575779e+01 5.441936104996960566e-01
2.078282828282828376e+01 5.668725761764248361e-01
2.080808080808080973e+01 5.893439071151835851e-01
2.083333333333333215e+01 6.117479113782536837e-01
2.085858585858585812e+01 6.342847237781255032e-01
2.088383838383838409e+01 6.572191419731737705e-01
2.090909090909091006e+01 6.808690351055650680e-01
2.093434343434343603e+01 7.055730141306139069e-01
2.095959595959595845e+01 7.316372948319647129e-01
2.098484848484848442e+01 7.592667363543953440e-01
2.101010101010101039e+01 7.884898585122226411e-01
2.103535353535353636e+01 8.190911030779122193e-01
2.106060606060606233e+01 8.505647383235135361e-01
2.108585858585858475e+01 8.821030427858381762e-01
2.111111111111111072e+01 9.126267570725794531e-01
2.113636363636363669e+01 9.408589277508103699e-01
2.116161616161616266e+01 9.654354249830733314e-01
2.118686868686868507e+01 9.850381794986503570e-01
2.121212121212121104e+01 9.985321395765225372e-01
2.123737373737373701e+01 1.005085300584724672e+00
2.126262626262626299e+01 1.004253415113739001e+00
2.128787878787878896e+01 9.960167943908802002e-01
2.131313131313131493e+01 9.807647920956583665e-01
2.133838383838383734e+01 9.592324044349941348e-01
2.136363636363636331e+01 9.324010823362225420e-01
2.138888888888888928e+01 9.013808171117829726e-01
2.141414141414141525e+01 8.672920017821899030e-01
2.143939393939393767e+01 8.311635090260575121e-01
2.146464646464646364e+01 7.938586636196521829e-01
2.148989898989898961e+01 7.560346267386148789e-01
2.151515151515151558e+01 7.181345836095570645e-01
2.154040404040404155e+01 6.804072329270099972e-01
2.156565656565656397e+01 6.429451347426266006e-01
2.159090909090908994e+01 6.057326412514608682e-01
2.161616161616161591e+01 5.686950852497690834e-01
2.164141414141414188e+01 5.317430017155274635e-01
2.166666666666666785e+01 4.948076841648193502e-01
2.169191919191919027e+01 4.578666972023220927e-01
2.171717171717171624e+01 4.209596615439458178e-01
2.174242424242424221e+01 3.841955380511405393e-01
2.176767676767676818e+01 3.477528406370259395e-01
2.179292929292929415e+01 3.118739496244913312e-01
2.181818181818181657e+01 2.768542941818151193e-01
2.184343434343434254e+01 2.430269132596471204e-01
2.186868686868686851e+01 2.107429668976331660e-01
2.189393939393939448e+01 1.803491762918806862e-01
2.191919191919192045e+01 1.521637921698761886e-01
2.194444444444444287e+01 1.264532962002807015e-01
2.196969696969696884e+01 1.034123796116790395e-01
2.199494949494949481e+01 8.314963459187228734e-02
2.202020202020202078e+01 6.568078506943464401e-02
2.204545454545454675e+01 5.093027006322514011e-02
2.207070707070706916e+01 3.874078867744386312e-02
2.209595959595959513e+01 2.888928623499663340e-02
2.212121212121212110e+01 2.110704454926603385e-02
2.214646464646464707e+01 1.510118412532142351e-02
2.217171717171717304e+01 1.057501916550564192e-02
2.219696969696969546e+01 7.245240924539026080e-03
2.222222222222222143e+01 4.854678719580202140e-03
2.224747474747474740e+01 3.180214606792381316e-03
2.227272727272727337e+01 2.036146254859511930e-03
2.229797979797979934e+01 1.273798862803791985e-03
2.232323232323232176e+01 7.784445453364110005e-04
2.234848484848484773e+01 4.646184567306070319e-04
2.237373737373737370e+01 2.707848376186896742e-04
2.239898989898989967e+01 1.540768714513777548e-04
2.242424242424242564e+01 8.557951568489287439e-05
2.244949494949494806e+01 4.639407262671874961e-05
2.247474747474747403e+01 2.454498017942107515e-05
2.250000000000000000e+01 1.267135490808297687e-05
