-1.000000000000000056e-01 4.895671009778671673e-02
-9.141414141414141992e-02 6.780039772614138149e-02
-8.282828282828283428e-02 9.252830374952168702e-02
-7.424242424242424865e-02 1.244445095791065631e-01
-6.565656565656566301e-02 1.649585547534096752e-01
-5.707070707070707738e-02 2.155332059167246184e-01
-4.848484848484849175e-02 2.776128588723776325e-01
-3.989898989898990611e-02 3.525338556262528900e-01
-3.131313131313132048e-02 4.414203726035343944e-01
-2.272727272727273484e-02 5.450720813555902655e-01
-1.414141414141414921e-02 6.638521787046673950e-01
-5.555555555555563574e-03 7.975862519175133114e-01
3.030303030303022060e-03 9.454834025103683315e-01
1.161616161616160769e-02 1.106090773640667990e+00
2.020202020202019333e-02 1.277290909162042798e+00
2.878787878787877896e-02 1.456348197711387460e+00
3.737373737373736460e-02 1.640006220527181258e+00
4.595959595959595023e-02 1.824632545473446221e+00
5.454545454545453587e-02 2.006401996095232398e+00
6.313131313131312150e-02 2.181504391831933454e+00
7.171717171717170713e-02 2.346358936667134909e+00
8.030303030303029277e-02 2.497815462664429553e+00
8.888888888888887840e-02 2.633323039169332525e+00
9.747474747474746404e-02 2.751049173842177176e+00
1.060606060606060497e-01 2.849937758700173962e+00
1.146464646464646353e-01 2.929700524328441524e+00
1.232323232323232209e-01 2.990744258664570054e+00
1.318181818181818066e-01 3.034043456167533126e+00
1.404040404040403922e-01 3.060974389064248680e+00
1.489898989898989778e-01 3.073130948682421870e+00
1.575757575757575635e-01 3.072144354665686361e+00
1.661616161616161491e-01 3.059527688608926432e+00
1.747474747474747347e-01 3.036562298382919689e+00
1.833333333333333204e-01 3.004236963238861691e+00
1.919191919191919060e-01 2.963243165116105526e+00
2.005050505050504916e-01 2.914021949917931398e+00
2.090909090909090773e-01 2.856850812297538234e+00
2.176767676767676629e-01 2.791953813440275489e+00
2.262626262626262486e-01 2.719615487277432297e+00
2.348484848484848342e-01 2.640279361804653391e+00
2.434343434343434198e-01 2.554615027962432006e+00
2.520202020202020332e-01 2.463543106012791473e+00
2.606060606060606188e-01 2.368214317933083013e+00
2.691919191919192045e-01 2.269946097183528799e+00
2.777777777777777901e-01 2.170126645783398533e+00
2.863636363636363757e-01 2.070101120515520865e+00
2.949494949494949614e-01 1.971057029007736716e+00
3.035353535353535470e-01 1.873925669374770342e+00
3.121212121212121327e-01 1.779313702851896162e+00
3.207070707070707183e-01 1.687474235658187549e+00
3.292929292929293039e-01 1.598320908726006406e+00
3.378787878787878896e-01 1.511482389554891670e+00
3.464646464646464752e-01 1.426389243506526183e+00
3.550505050505050608e-01 1.342381180750095160e+00
3.636363636363636465e-01 1.258820607139453429e+00
3.722222222222222321e-01 1.175198405603728569e+00
3.808080808080808177e-01 1.091219771266232819e+00
3.893939393939394034e-01 1.006861284078718111e+00
3.979797979797979890e-01 9.223946182297400043e-01
4.065656565656565746e-01 8.383766848885468859e-01
4.151515151515151603e-01 7.556099563864677737e-01
4.237373737373737459e-01 6.750797344105178288e-01
4.323232323232323315e-01 5.978769066962917877e-01
4.409090909090909172e-01 5.251152085235322176e-01
4.494949494949495028e-01 4.578512928488032707e-01
4.580808080808080884e-01 3.970143003834545326e-01
4.666666666666666741e-01 3.433494862604152820e-01
4.752525252525252597e-01 2.973782026783939325e-01
4.838383838383838453e-01 2.593745111062487063e-01
4.924242424242424310e-01 2.293571598029159053e-01
5.010101010101010166e-01 2.070947415713455808e-01
5.095959595959596022e-01 1.921215391055635102e-01
5.181818181818181879e-01 1.837617528457022864e-01
5.267676767676767735e-01 1.811602931102143377e-01
5.353535353535353591e-01 1.833188786115314550e-01
5.439393939393939448e-01 1.891366108862609086e-01
5.525252525252525304e-01 1.974543438484551161e-01
5.611111111111111160e-01 2.071019836653777146e-01
5.696969696969697017e-01 2.169473772551467616e-01
5.782828282828282873e-01 2.259448027943726511e-01
5.868686868686868729e-01 2.331804414915689405e-01
5.954545454545454586e-01 2.379117779709016278e-01
6.040404040404040442e-01 2.395978073676100495e-01
6.126262626262626299e-01 2.379173132777323008e-01
6.212121212121212155e-01 2.327733245573752885e-01
6.297979797979798011e-01 2.242830700072473704e-01
6.383838383838383868e-01 2.127541610163514452e-01
6.469696969696969724e-01 1.986491319141761025e-01
6.555555555555555580e-01 1.825416415664529168e-01
6.641414141414141437e-01 1.650684106741043544e-01
6.727272727272727293e-01 1.468812298155853791e-01
6.813131313131313149e-01 1.286031024527543865e-01
6.898989898989899006e-01 1.107918495986830176e-01
6.984848484848484862e-01 9.391343215231011399e-02
7.070707070707070718e-01 7.832601694539940984e-02
7.156565656565656575e-01 6.427460436404094923e-02
7.242424242424242431e-01 5.189500621621763454e-02
7.328282828282828287e-01 4.122522279911368381e-02
7.414141414141414144e-01 3.222187013153480356e-02
7.500000000000000000e-01 2.477924657584838763e-02
