-6.000000000000000000e+00 1.726266212738509359e-02
-5.964646464646464530e+00 1.702139719340879306e-02
-5.929292929292929060e+00 1.641621501025897906e-02
-5.893939393939393590e+00 1.551015289890626640e-02
-5.858585858585859008e+00 1.439458165449514736e-02
-5.823232323232323537e+00 1.318365524186209010e-02
-5.787878787878788067e+00 1.200814111651857079e-02
-5.752525252525252597e+00 1.100987730651426660e-02
-5.717171717171717127e+00 1.033792247855648029e-02
-5.681818181818181657e+00 1.014711188277190798e-02
-5.646464646464646187e+00 1.059929091961664058e-02
-5.611111111111110716e+00 1.186705624039262850e-02
-5.575757575757576134e+00 1.413945547336418855e-02
-5.540404040404040664e+00 1.762880672832011983e-02
-5.505050505050505194e+00 2.257758672664572641e-02
-5.469696969696969724e+00 2.926416869302105733e-02
-5.434343434343434254e+00 3.800603786360538111e-02
-5.398989898989898784e+00 4.915897177660734363e-02
-5.363636363636363313e+00 6.311058771593114347e-02
-5.328282828282828731e+00 8.026671977837372685e-02
-5.292929292929293261e+00 1.010294086499640698e-01
-5.257575757575757791e+00 1.257659741504495998e-01
-5.222222222222222321e+00 1.547697444882573381e-01
-5.186868686868686851e+00 1.882144902298238387e-01
-5.151515151515151381e+00 2.261062869113607265e-01
-5.116161616161615910e+00 2.682381233274440668e-01
-5.080808080808081328e+00 3.141537220982051348e-01
-5.045454545454545858e+00 3.631273803319206572e-01
-5.010101010101010388e+00 4.141658924749673787e-01
-4.974747474747474918e+00 4.660366800718317437e-01
-4.939393939393939448e+00 5.173232541158563347e-01
-4.904040404040403978e+00 5.665054525032726662e-01
-4.868686868686868507e+00 6.120581065923923481e-01
-4.833333333333333925e+00 6.525585746252458019e-01
-4.797979797979797567e+00 6.867915727441197271e-01
-4.762626262626262985e+00 7.138393879791213870e-01
-4.727272727272727515e+00 7.331470245397150309e-01
-4.691919191919192045e+00 7.445549191029858793e-01
-4.656565656565656575e+00 7.482960490018336630e-01
-4.621212121212121104e+00 7.449588254178112212e-01
-4.585858585858585634e+00 7.354213355544176878e-01
-4.550505050505050164e+00 7.207656119211867107e-01
-4.515151515151515582e+00 7.021822497923333462e-01
-4.479797979797980112e+00 6.808757649907223319e-01
-4.444444444444444642e+00 6.579797801200324425e-01
-4.409090909090909172e+00 6.344888580297723957e-01
-4.373737373737373701e+00 6.112110675935199522e-01
-4.338383838383838231e+00 5.887426402317883500e-01
-4.303030303030302761e+00 5.674637115697639400e-01
-4.267676767676768179e+00 5.475523454506100451e-01
-4.232323232323232709e+00 5.290128723892253415e-01
-4.196969696969697239e+00 5.117140085508661285e-01
-4.161616161616161769e+00 4.954321692918487452e-01
-4.126262626262626299e+00 4.798957477111539527e-01
-4.090909090909090828e+00 4.648267799294456548e-01
-4.055555555555555358e+00 4.499772425489119154e-01
-4.020202020202020776e+00 4.351580929204147963e-01
-3.984848484848484862e+00 4.202599422452047984e-01
-3.949494949494949392e+00 4.052648486131006922e-01
-3.914141414141414366e+00 3.902490976619964469e-01
-3.878787878787878896e+00 3.753770508667214068e-01
-3.843434343434343425e+00 3.608863091361659836e-01
-3.808080808080807955e+00 3.470647219168706554e-01
-3.772727272727272929e+00 3.342203017080971339e-01
-3.737373737373737459e+00 3.226459206152693659e-01
-3.702020202020201989e+00 3.125816749420013418e-01
-3.666666666666666963e+00 3.041787796029092328e-01
-3.631313131313131493e+00 2.974694904426632980e-01
-3.595959595959596022e+00 2.923475539195430351e-01
-3.560606060606060552e+00 2.885628658935138757e-01
-3.525252525252525526e+00 2.857323898043977461e-01
-3.489898989898990056e+00 2.833671613785472831e-01
-3.454545454545454586e+00 2.809127936789858060e-01
-3.419191919191919116e+00 2.777987793278743345e-01
-3.383838383838384090e+00 2.734905121204601053e-01
-3.348484848484848619e+00 2.675376046194622437e-01
-3.313131313131313149e+00 2.596128130484244845e-01
-3.277777777777777679e+00 2.495375029438128556e-01
-3.242424242424242653e+00 2.372917210277883382e-01
-3.207070707070707183e+00 2.230091268839085872e-01
-3.171717171717171713e+00 2.069588739543860856e-01
-3.136363636363636687e+00 1.895177468724885406e-01
-3.101010101010101216e+00 1.711363809618495491e-01
-3.065656565656565746e+00 1.523032992495669535e-01
-3.030303030303030276e+00 1.335099982195952495e-01
-2.994949494949495250e+00 1.152196155806052696e-01
-2.959595959595959780e+00 9.784099535728862929e-02
-2.924242424242424310e+00 8.170931928533861632e-02
-2.888888888888888840e+00 6.707391184903371828e-02
-2.853535353535353813e+00 5.409331693650861611e-02
-2.818181818181818343e+00 4.283725204815046206e-02
-2.782828282828282873e+00 3.329456646963054045e-02
-2.747474747474747403e+00 2.538589842973306213e-02
-2.712121212121212377e+00 1.897940617296375171e-02
-2.676767676767676907e+00 1.390780280445305141e-02
-2.641414141414141437e+00 9.984991276683235703e-03
-2.606060606060606410e+00 7.020866657212739698e-03
-2.570707070707070940e+00 4.833276359439670801e-03
-2.535353535353535470e+00 3.256624246603116030e-03
-2.500000000000000000e+00 2.147083236402706589e-03
