2.100000000000000000e+01 1.406008264449107141e-02
2.101006711409396033e+01 1.772982033794684789e-02
2.102013422818792066e+01 2.207222630895134055e-02
2.103020134228187743e+01 2.713108444862749949e-02
2.104026845637583776e+01 3.293270908236830413e-02
2.105033557046979809e+01 3.948162015730199287e-02
2.106040268456375841e+01 4.675708148474957276e-02
2.107046979865771874e+01 5.471100149345318325e-02
2.108053691275167907e+01 6.326765578499626841e-02
2.109060402684563584e+01 7.232558627721942524e-02
2.110067114093959617e+01 8.176186222797027225e-02
2.111073825503355650e+01 9.143866255275351351e-02
2.112080536912751683e+01 1.012118753469286037e-01
2.113087248322147715e+01 1.109411377677305410e-01
2.114093959731543748e+01 1.205004931131301721e-01
2.115100671140939426e+01 1.297886609712483597e-01
2.116107382550335458e+01 1.387378372565325202e-01
2.117114093959731491e+01 1.473199915448887287e-01
2.118120805369127524e+01 1.555498220401629883e-01
2.119127516778523557e+01 1.634838564625692436e-01
2.120134228187919589e+01 1.712156206512727152e-01
2.121140939597315267e+01 1.788672853636363580e-01
2.122147651006711300e+01 1.865786797975835798e-01
2.123154362416107332e+01 1.944949555208800307e-01
2.124161073825503365e+01 2.027544297148251851e-01
2.125167785234899398e+01 2.114781822762226426e-01
2.126174496644295431e+01 2.207628055729070060e-01
2.127181208053691108e+01 2.306773209714202688e-01
2.128187919463087141e+01 2.412647299519616317e-01
2.129194630872483174e+01 2.525480359134417707e-01
2.130201342281879207e+01 2.645399489677587312e-01
2.131208053691275239e+01 2.772549647935033668e-01
2.132214765100671272e+01 2.907221692767660848e-01
2.133221476510066950e+01 3.049970128790727153e-01
2.134228187919462982e+01 3.201704336291413822e-01
2.135234899328859015e+01 3.363740566207191196e-01
2.136241610738255048e+01 3.537806986476356164e-01
2.137248322147651081e+01 3.725999760902828362e-01
2.138255033557047113e+01 3.930693649975618431e-01
2.139261744966442791e+01 4.154415191530990703e-01
2.140268456375838824e+01 4.399689643471829115e-01
2.141275167785234856e+01 4.668874362216249296e-01
2.142281879194630889e+01 4.963991269210282775e-01
2.143288590604026922e+01 5.286569879615149459e-01
2.144295302013422955e+01 5.637510507009103611e-01
2.145302013422818632e+01 6.016975180346302299e-01
2.146308724832214665e+01 6.424311860669615903e-01
2.147315436241610698e+01 6.858015889987207903e-01
2.148322147651006730e+01 7.315731221222762093e-01
2.149328859060402763e+01 7.794292704551191164e-01
2.150335570469798796e+01 8.289809322734318364e-01
2.151342281879194474e+01 8.797786591352262375e-01
2.152348993288590506e+01 9.313284292843200252e-01
2.153355704697986539e+01 9.831103366701681168e-01
2.154362416107382572e+01 1.034599334415362337e+00
2.155369127516778605e+01 1.085286950292846386e+00
2.156375838926174637e+01 1.134702726319707589e+00
2.157382550335570315e+01 1.182434054127342593e+00
2.158389261744966348e+01 1.228143101231640610e+00
2.159395973154362380e+01 1.271579656217843413e+00
2.160402684563758413e+01 1.312588955299279103e+00
2.161409395973154446e+01 1.351113869944058798e+00
2.162416107382550479e+01 1.387191209515443724e+00
2.163422818791946156e+01 1.420942295273502021e+00
2.164429530201342189e+01 1.452558363589618429e+00
2.165436241610738222e+01 1.482281729060175079e+00
2.166442953020134254e+01 1.510383956088970470e+00
2.167449664429530287e+01 1.537142525408083271e+00
2.168456375838926320e+01 1.562817616405850263e+00
2.169463087248321997e+01 1.587630636616815361e+00
2.170469798657718030e+01 1.611746002187596005e+00
2.171476510067114063e+01 1.635257404143204640e+00
2.172483221476510096e+01 1.658179396628326696e+00
2.173489932885906128e+01 1.680444645163676087e+00
2.174496644295302161e+01 1.701906624268237467e+00
2.175503355704697839e+01 1.722347018734161628e+00
2.176510067114093872e+01 1.741486633267374851e+00
2.177516778523489904e+01 1.758998319798206644e+00
2.178523489932885937e+01 1.774520343569672143e+00
2.179530201342281970e+01 1.787668753944813504e+00
2.180536912751678003e+01 1.798047694141278852e+00
2.181543624161073680e+01 1.805257128179360793e+00
2.182550335570469713e+01 1.808898101807000725e+00
2.183557046979865746e+01 1.808576282829083670e+00
2.184563758389261778e+01 1.803905034399794882e+00
2.185570469798657811e+01 1.794509564117177547e+00
2.186577181208053844e+01 1.780033694391432109e+00
2.187583892617449521e+01 1.760150492121228982e+00
2.188590604026845554e+01 1.734577405917894666e+00
2.189597315436241587e+01 1.703095763889151959e+00
2.190604026845637620e+01 1.665573599871841504e+00
2.191610738255033652e+01 1.621989937548606875e+00
2.192617449664429685e+01 1.572458006062240621e+00
2.193624161073825363e+01 1.517244501058119033e+00
2.194630872483221395e+01 1.456782014258884761e+00
2.195637583892617428e+01 1.391672152963231435e+00
2.196644295302013461e+01 1.322677622865421343e+00
2.197651006711409494e+01 1.250702567870889848e+00
2.198657718120805526e+01 1.176761626730961963e+00
2.199664429530201204e+01 1.101939337095656946e+00
2.200671140939597237e+01 1.027342552868012682e+00
2.201677852348993270e+01 9.540493200887329994e-01
2.202684563758389302e+01 8.830580936993944752e-01
2.203691275167785335e+01 8.152412289695347702e-01
2.204697986577181013e+01 7.513063488186244587e-01
2.205704697986577045e+01 6.917685150055860044e-01
2.206711409395973078e+01 6.369351940382724786e-01
2.207718120805369111e+01 5.869049072190735128e-01
2.208724832214765144e+01 5.415792988913087358e-01
2.209731543624161176e+01 5.006872574965309797e-01
2.210738255033557209e+01 4.638187796891150572e-01
2.211744966442952887e+01 4.304655589608128996e-01
2.212751677852348919e+01 4.000648627870521112e-01
2.213758389261744952e+01 3.720431635063727316e-01
2.214765100671140985e+01 3.458562051727803177e-01
2.215771812080537018e+01 3.210226893104948798e-01
2.216778523489932695e+01 2.971494885361088412e-01
2.217785234899328728e+01 2.739471696610705220e-01
2.218791946308724761e+01 2.512355360063528997e-01
2.219798657718120793e+01 2.289397883903769859e-01
2.220805369127516826e+01 2.070786693436652004e-01
2.221812080536912859e+01 1.857465265829655598e-01
2.222818791946308892e+01 1.650915655415965411e-01
2.223825503355704569e+01 1.452926419129749180e-01
2.224832214765100602e+01 1.265367884353711114e-01
2.225838926174496635e+01 1.089993162222650247e-01
2.226845637583892668e+01 9.282783948822959097e-02
2.227852348993288700e+01 7.813101298955753282e-02
2.228859060402684378e+01 6.497221331150784818e-02
2.229865771812080411e+01 5.336789876958410866e-02
2.230872483221476443e+01 4.328999299488927449e-02
2.231879194630872476e+01 3.467137976095012453e-02
2.232885906040268509e+01 2.741347700792327521e-02
2.233892617449664542e+01 2.139486464701805674e-02
2.234899328859060574e+01 1.648004896333154015e-02
2.235906040268456252e+01 1.252762424162183301e-02
2.236912751677852285e+01 9.397305728249755533e-03
2.237919463087248317e+01 6.955526220147755130e-03
2.238926174496644350e+01 5.079486716458465716e-03
2.239932885906040383e+01 3.659713007130293953e-03
2.240939597315436060e+01 2.601286440725647780e-03
2.241946308724832093e+01 1.823987407299788735e-03
2.242953020134228126e+01 1.261618918831319131e-03
2.243959731543624159e+01 8.607732694408839992e-04
2.244966442953020191e+01 5.792768830317622823e-04
2.245973154362416224e+01 3.845067869874826223e-04
2.246979865771812257e+01 2.517250954969041735e-04
2.247986577181207934e+01 1.625319187853059403e-04
2.248993288590603967e+01 1.034965707022314442e-04
2.250000000000000000e+01 6.499416856680685639e-05
