0.000000000000000000e+00 3.294029251734342432e-04
6.711409395973154390e-02 4.863441077707173084e-04
1.342281879194630878e-01 7.089034936499989019e-04
2.013422818791946178e-01 1.020182842725227612e-03
2.684563758389261756e-01 1.449565829158049827e-03
3.355704697986577334e-01 2.033715526478544530e-03
4.026845637583892357e-01 2.817475685251822140e-03
4.697986577181207934e-01 3.854567879764527871e-03
5.369127516778523512e-01 5.207958219673523674e-03
6.040268456375839090e-01 6.949757071732199157e-03
6.711409395973154668e-01 9.160517256394988539e-03
7.382550335570470246e-01 1.192781416635217868e-02
8.053691275167784713e-01 1.534402766763159551e-02
8.724832214765100291e-01 1.950330092823602396e-02
9.395973154362415869e-01 2.449772320050469174e-02
1.006711409395973256e+00 3.041286669035965506e-02
1.073825503355704702e+00 3.732289359465044976e-02
1.140939597315436149e+00 4.528552744536252367e-02
1.208053691275167818e+00 5.433724125739896466e-02
1.275167785234899265e+00 6.448904251388731801e-02
1.342281879194630934e+00 7.572322332661619859e-02
1.409395973154362380e+00 8.799138939637723977e-02
1.476510067114094049e+00 1.012139859304305445e-01
1.543624161073825496e+00 1.152814112846639316e-01
1.610738255033556943e+00 1.300566645669896937e-01
1.677852348993288611e+00 1.453793306654795059e-01
1.744966442953020058e+00 1.610705853251754027e-01
1.812080536912751727e+00 1.769388220270490808e-01
1.879194630872483174e+00 1.927854740486818208e-01
1.946308724832214843e+00 2.084106335933830489e-01
2.013422818791946511e+00 2.236181502064372995e-01
2.080536912751677736e+00 2.382200087738556848e-01
2.147651006711409405e+00 2.520399222945055584e-01
2.214765100671141074e+00 2.649162021771241382e-01
2.281879194630872298e+00 2.767040660709697009e-01
2.348993288590603967e+00 2.872775927709743105e-01
2.416107382550335636e+00 2.965315271044544621e-01
2.483221476510067305e+00 3.043830772364864989e-01
2.550335570469798530e+00 3.107737453672786421e-01
2.617449664429530198e+00 3.156711113924818290e-01
2.684563758389261867e+00 3.190703731011573230e-01
2.751677852348993092e+00 3.209953607344934179e-01
2.818791946308724761e+00 3.214987078137037102e-01
2.885906040268456429e+00 3.206608846529718226e-01
2.953020134228188098e+00 3.185878854251703585e-01
3.020134228187919323e+00 3.154074925451703093e-01
3.087248322147650992e+00 3.112642030734811827e-01
3.154362416107382661e+00 3.063130652782291019e-01
3.221476510067113885e+00 3.007128134172500911e-01
3.288590604026845554e+00 2.946187834120410076e-01
3.355704697986577223e+00 2.881761275597020111e-01
3.422818791946308892e+00 2.815138190981296140e-01
3.489932885906040116e+00 2.747398539800953721e-01
3.557046979865771785e+00 2.679379328909271551e-01
3.624161073825503454e+00 2.611657619349237458e-01
3.691275167785235123e+00 2.544549672979097843e-01
3.758389261744966348e+00 2.478124965092547427e-01
3.825503355704698016e+00 2.412232896026403617e-01
3.892617449664429685e+00 2.346539527160459715e-01
3.959731543624160910e+00 2.280571519836191441e-01
4.026845637583893023e+00 2.213764583787062590e-01
4.093959731543623803e+00 2.145514025456751184e-01
4.161073825503355472e+00 2.075225304987973751e-01
4.228187919463087141e+00 2.002362769116213803e-01
4.295302013422818810e+00 1.926494876649442189e-01
4.362416107382550479e+00 1.847334276264936126e-01
4.429530201342282147e+00 1.764771080299581130e-01
4.496644295302013816e+00 1.678897677841603153e-01
4.563758389261744597e+00 1.590023525676846627e-01
4.630872483221476266e+00 1.498678609810197015e-01
4.697986577181207934e+00 1.405604713969578479e-01
4.765100671140939603e+00 1.311734255320675113e-01
4.832214765100671272e+00 1.218157204467757992e-01
4.899328859060402941e+00 1.126077422007231987e-01
4.966442953020134610e+00 1.036760529930209618e-01
5.033557046979865390e+00 9.514761081713773994e-02
5.100671140939597059e+00 8.714374950844502865e-02
5.167785234899328728e+00 7.977427293220391846e-02
5.234899328859060397e+00 7.313201788578188589e-02
5.302013422818792066e+00 6.728821635397680412e-02
5.369127516778523734e+00 6.228894121194553102e-02
5.436241610738255403e+00 5.815285380039102170e-02
5.503355704697986184e+00 5.487039138912055275e-02
5.570469798657717853e+00 5.240444243544843672e-02
5.637583892617449521e+00 5.069246331861781973e-02
5.704697986577181190e+00 4.964989796388628862e-02
5.771812080536912859e+00 4.917467787249434757e-02
5.838926174496644528e+00 4.915251095541457033e-02
5.906040268456376197e+00 4.946261906951724546e-02
5.973154362416106977e+00 4.998356081911766585e-02
6.040268456375838646e+00 5.059878051937950760e-02
6.107382550335570315e+00 5.120155611224824765e-02
6.174496644295301984e+00 5.169907532340472373e-02
6.241610738255033652e+00 5.201544485670830942e-02
6.308724832214765321e+00 5.209352437359754395e-02
6.375838926174496990e+00 5.189556686537796087e-02
6.442953020134227771e+00 5.140273145636637536e-02
6.510067114093959439e+00 5.061360661202831540e-02
6.577181208053691108e+00 4.954193617764816870e-02
6.644295302013422777e+00 4.821377509454623927e-02
6.711409395973154446e+00 4.666431585224091461e-02
6.778523489932886115e+00 4.493462246342389693e-02
6.845637583892617783e+00 4.306848895263319654e-02
6.912751677852349452e+00 4.110960751685510672e-02
6.979865771812080233e+00 3.909919110900280520e-02
7.046979865771811902e+00 3.707414934819110164e-02
7.114093959731543571e+00 3.506586815104356658e-02
7.181208053691275239e+00 3.309959489471662325e-02
7.248322147651006908e+00 3.119438490466070260e-02
7.315436241610738577e+00 2.936352446164569932e-02
7.382550335570470246e+00 2.761531338024460908e-02
7.449664429530201026e+00 2.595406947477831017e-02
7.516778523489932695e+00 2.438121028524310382e-02
7.583892617449664364e+00 2.289627553676467156e-02
7.651006711409396033e+00 2.149777655924142022e-02
7.718120805369127702e+00 2.018379397546749346e-02
7.785234899328859370e+00 1.895228817640209201e-02
7.852348993288591039e+00 1.780113280693285463e-02
7.919463087248321820e+00 1.672792339657661401e-02
7.986577181208053489e+00 1.572964543563112882e-02
8.053691275167786046e+00 1.480230401351998425e-02
8.120805369127516826e+00 1.394061817055102306e-02
8.187919463087247607e+00 1.313786757590576677e-02
8.255033557046980164e+00 1.238594988699945852e-02
8.322147651006710944e+00 1.167566919431769178e-02
8.389261744966443501e+00 1.099723564498996525e-02
8.456375838926174282e+00 1.034092021514520024e-02
8.523489932885906839e+00 9.697782312029034832e-03
8.590604026845637620e+00 9.060375250806674760e-03
8.657718120805368400e+00 8.423337087943710833e-03
8.724832214765100957e+00 7.783790701613012113e-03
8.791946308724831738e+00 7.141504094870163716e-03
8.859060402684564295e+00 6.498794864877296094e-03
8.926174496644295075e+00 5.860196245921483506e-03
8.993288590604027632e+00 5.231931061254756904e-03
9.060402684563758413e+00 4.621260426490094407e-03
9.127516778523489194e+00 4.035783930795931035e-03
9.194630872483221751e+00 3.482766937747610019e-03
9.261744966442952531e+00 2.968559956630572455e-03
9.328859060402685088e+00 2.498157375710878623e-03
9.395973154362415869e+00 2.074921548582684457e-03
9.463087248322148426e+00 1.700476675968886579e-03
9.530201342281879207e+00 1.374758045082236568e-03
9.597315436241609987e+00 1.096188040266305374e-03
9.664429530201342544e+00 8.619419586839441533e-04
9.731543624161073325e+00 6.682640884415414276e-04
9.798657718120805882e+00 5.107969511995733101e-04
9.865771812080536662e+00 3.848927567450654424e-04
9.932885906040269219e+00 2.858844138624322016e-04
1.000000000000000000e+01 2.093023905134118597e-04
