5.000000000000000000e-01 3.035003685646821760e-05
5.100671140939597725e-01 5.774163912233612451e-05
5.201342281879194340e-01 1.068831083972901670e-04
5.302013422818792066e-01 1.925219072828484278e-04
5.402684563758388681e-01 3.375011054298103692e-04
5.503355704697986406e-01 5.759449693523520765e-04
5.604026845637584131e-01 9.569750864120697654e-04
5.704697986577180746e-01 1.548660575316421553e-03
5.805369127516778471e-01 2.441697680792671420e-03
5.906040268456376197e-01 3.752120251151984040e-03
6.006711409395972812e-01 5.622226649078318136e-03
6.107382550335570537e-01 8.218939721277650212e-03
6.208053691275168262e-01 1.172904620561539615e-02
6.308724832214764877e-01 1.635119721109072957e-02
6.409395973154362602e-01 2.228513365600288260e-02
6.510067114093960328e-01 2.971920494482769778e-02
6.610738255033556943e-01 3.881771157246877157e-02
6.711409395973153558e-01 4.970977217528581987e-02
6.812080536912751283e-01 6.248121778414218730e-02
6.912751677852349008e-01 7.717049506305721784e-02
7.013422818791945623e-01 9.376887863720984040e-02
7.114093959731543348e-01 1.122246734541234997e-01
7.214765100671141074e-01 1.324507186282007920e-01
7.315436241610737689e-01 1.543344426090854649e-01
7.416107382550335414e-01 1.777498588610093300e-01
7.516778523489933139e-01 2.025710130447115898e-01
7.617449664429529754e-01 2.286862981364581049e-01
7.718120805369127480e-01 2.560127097974251864e-01
7.818791946308725205e-01 2.845087241148208101e-01
7.919463087248321820e-01 3.141844118558153043e-01
8.020134228187919545e-01 3.451079777243908353e-01
8.120805369127517270e-01 3.774091392654374544e-01
8.221476510067113885e-01 4.112811764227114475e-01
8.322147651006710500e-01 4.469842360470859810e-01
8.422818791946308226e-01 4.848516783165974786e-01
8.523489932885905951e-01 5.252985055411601989e-01
8.624161073825502566e-01 5.688267569278973035e-01
8.724832214765100291e-01 6.160187633333547019e-01
8.825503355704698016e-01 6.675075416721477639e-01
8.926174496644294631e-01 7.239163430353456885e-01
9.026845637583892357e-01 7.857671682817356507e-01
9.127516778523490082e-01 8.533696533853291077e-01
9.228187919463086697e-01 9.267137931655987648e-01
9.328859060402684422e-01 1.005397997848580083e+00
9.429530201342282147e-01 1.088623752381688403e+00
9.530201342281878762e-01 1.175277470144089120e+00
9.630872483221476488e-01 1.264100026443913505e+00
9.731543624161074213e-01 1.353919379921491473e+00
9.832214765100670828e-01 1.443898513927855065e+00
9.932885906040267443e-01 1.533736966678123093e+00
1.003355704697986628e+00 1.623764917748215630e+00
1.013422818791946289e+00 1.714885896151289613e+00
1.023489932885905951e+00 1.808354925488675491e+00
1.033557046979865834e+00 1.905416655497215395e+00
1.043624161073825496e+00 2.006863852247100510e+00
1.053691275167785157e+00 2.112601707023896491e+00
1.063758389261745041e+00 2.221311248501336877e+00
1.073825503355704702e+00 2.330293055542883796e+00
1.083892617449664364e+00 2.435542307552976293e+00
1.093959731543624248e+00 2.532063875100809103e+00
1.104026845637583909e+00 2.614390305009771431e+00
1.114093959731543571e+00 2.677225735872430068e+00
1.124161073825503454e+00 2.716113349039151803e+00
1.134228187919462894e+00 2.728018230839729164e+00
1.144295302013422777e+00 2.711732540235300526e+00
1.154362416107382661e+00 2.668042154265938048e+00
1.164429530201342100e+00 2.599636309879780338e+00
1.174496644295301984e+00 2.510785054402426386e+00
1.184563758389261645e+00 2.406844774342495441e+00
1.194630872483221307e+00 2.293673360262147298e+00
1.204697986577181190e+00 2.177041142445433675e+00
1.214765100671140852e+00 2.062113049203705639e+00
1.224832214765100513e+00 1.953056028858556559e+00
1.234899328859060397e+00 1.852799626698525826e+00
1.244966442953020058e+00 1.762952431034547018e+00
1.255033557046979720e+00 1.683857041833436208e+00
1.265100671140939603e+00 1.614753304698409053e+00
1.275167785234899265e+00 1.554013895212893903e+00
1.285234899328858926e+00 1.499416733391196965e+00
1.295302013422818810e+00 1.448423365959567999e+00
1.305369127516778471e+00 1.398439530731260483e+00
1.315436241610738133e+00 1.347041977160438053e+00
1.325503355704698016e+00 1.292162909517099667e+00
1.335570469798657678e+00 1.232229109903433706e+00
1.345637583892617339e+00 1.166256261183917342e+00
1.355704697986577223e+00 1.093900149330725657e+00
1.365771812080536884e+00 1.015465847978636260e+00
1.375838926174496546e+00 9.318748019516897019e-01
1.385906040268456429e+00 8.445893034373684882e-01
1.395973154362416091e+00 7.554953319231142439e-01
1.406040268456375752e+00 6.667485343379047080e-01
1.416107382550335636e+00 5.805937043147419985e-01
1.426174496644295298e+00 4.991740296848942160e-01
1.436241610738254959e+00 4.243506998198499636e-01
1.446308724832214843e+00 3.575544647416599164e-01
1.456375838926174282e+00 2.996874920466246484e-01
1.466442953020134166e+00 2.510866426157121745e-01
1.476510067114094049e+00 2.115495291179776971e-01
1.486577181208053489e+00 1.804146584140239318e-01
1.496644295302013372e+00 1.566789395132936191e-01
1.506711409395973034e+00 1.391316467515862076e-01
1.516778523489932917e+00 1.264842825415369576e-01
1.526845637583892579e+00 1.174801807216084709e-01
1.536912751677852240e+00 1.109746172892277366e-01
1.546979865771811902e+00 1.059836331825134426e-01
1.557046979865771785e+00 1.017058225460415605e-01
1.567114093959731447e+00 9.752474957092489849e-02
1.577181208053691108e+00 9.300011786769836475e-02
1.587248322147650992e+00 8.785392873903338784e-02
1.597315436241610653e+00 8.195482542941398552e-02
1.607382550335570315e+00 7.530095429706683274e-02
1.617449664429530198e+00 6.799998228311716908e-02
1.627516778523489860e+00 6.024478770577133824e-02
1.637583892617449521e+00 5.228453926505940985e-02
1.647651006711409405e+00 4.439269489107105365e-02
1.657718120805369066e+00 3.683505534280247934e-02
1.667785234899328728e+00 2.984175171390411954e-02
1.677852348993288611e+00 2.358667353801341751e-02
1.687919463087248273e+00 1.817651623010690595e-02
1.697986577181207934e+00 1.364980243810698900e-02
1.708053691275167818e+00 9.984466814783989411e-03
1.718120805369127480e+00 7.111342709194296702e-03
1.728187919463087141e+00 4.930383379507242460e-03
1.738255033557046803e+00 3.326672387023417790e-03
1.748322147651006686e+00 2.184022472183827068e-03
1.758389261744966348e+00 1.394939453608501877e-03
1.768456375838926009e+00 8.666650302156995956e-04
1.778523489932885893e+00 5.237232729378864032e-04
1.788590604026845554e+00 3.078028984999680901e-04
1.798657718120805216e+00 1.759284931434760061e-04
1.808724832214765099e+00 9.778454990633818204e-05
1.818791946308724761e+00 5.285149106851783931e-05
1.828859060402684422e+00 2.777685726845335784e-05
1.838926174496644306e+00 1.419503885574923586e-05
1.848993288590603967e+00 7.053565564962985536e-06
1.859060402684563629e+00 3.407942953224889233e-06
1.869127516778523290e+00 1.600964510819354464e-06
1.879194630872483174e+00 7.312608502752876776e-07
1.889261744966442835e+00 3.247585129445304164e-07
1.899328859060402497e+00 1.402308211760399090e-07
1.909395973154362380e+00 5.887335949987632090e-08
1.919463087248322042e+00 2.403171323345949974e-08
1.929530201342281703e+00 9.537614337600869761e-09
1.939597315436241587e+00 3.680295803485007567e-09
1.949664429530201248e+00 1.380742560459927682e-09
1.959731543624160910e+00 5.036501573583980958e-10
1.969798657718120793e+00 1.786203448353095920e-10
1.979865771812080455e+00 6.159111849016341386e-11
1.989932885906040116e+00 2.064857580457212416e-11
2.000000000000000000e+00 6.730489639073250798e-12
