-1.350000000000000089e+00 2.476496989374415286e-02
-1.334228187919463071e+00 2.622141460249162795e-02
-1.318456375838926276e+00 2.733036891042200586e-02
-1.302684563758389258e+00 2.804191470390763469e-02
-1.286912751677852462e+00 2.832341846264891175e-02
-1.271140939597315445e+00 2.816208835278344313e-02
-1.255369127516778649e+00 2.756605612426003479e-02
-1.239597315436241631e+00 2.656388341690000751e-02
-1.223825503355704836e+00 2.520256799770648551e-02
-1.208053691275167818e+00 2.354429250888348535e-02
-1.192281879194631022e+00 2.166229360796078848e-02
-1.176510067114094005e+00 1.963631504076220752e-02
-1.160738255033557209e+00 1.754813402343506287e-02
-1.144966442953020191e+00 1.547761507258874243e-02
-1.129194630872483174e+00 1.349965640453690274e-02
-1.113422818791946378e+00 1.168226525573964197e-02
-1.097651006711409583e+00 1.008584800214309268e-02
-1.081879194630872565e+00 8.763647828599263265e-03
-1.066107382550335547e+00 7.763124311809816401e-03
-1.050335570469798752e+00 7.127959484510277069e-03
-1.034563758389261956e+00 6.900303182838973121e-03
-1.018791946308724938e+00 7.122841809471413058e-03
-1.003020134228187921e+00 7.840290430311211770e-03
-9.872483221476511250e-01 9.099966874669006625e-03
-9.714765100671141074e-01 1.095120455092595500e-02
-9.557046979865773118e-01 1.344349233800763710e-02
-9.399328859060402941e-01 1.662338713773245033e-02
-9.241610738255034985e-01 2.053041642747597054e-02
-9.083892617449664808e-01 2.519235975550746312e-02
-8.926174496644295742e-01 3.062045116832277578e-02
-8.768456375838926675e-01 3.680515779152766093e-02
-8.610738255033557609e-01 4.371324116345044059e-02
-8.453020134228188542e-01 5.128677785612736212e-02
-8.295302013422819476e-01 5.944469128819027809e-02
-8.137583892617450410e-01 6.808712488072526936e-02
-7.979865771812081343e-01 7.710267914065267736e-02
-7.822147651006712277e-01 8.637816864051618693e-02
-7.664429530201343210e-01 9.581017053891428825e-02
-7.506711409395974144e-01 1.053172864461147107e-01
-7.348993288590605077e-01 1.148517806874750080e-01
-7.191275167785236011e-01 1.244091428802422405e-01
-7.033557046979865834e-01 1.340341903381707112e-01
-6.875838926174496768e-01 1.438225932420240938e-01
-6.718120805369127702e-01 1.539171615616028166e-01
-6.560402684563758635e-01 1.644988354921748941e-01
-6.402684563758389569e-01 1.757730005438727094e-01
-6.244966442953020502e-01 1.879524136202735118e-01
-6.087248322147651436e-01 2.012385781335330193e-01
-5.929530201342282369e-01 2.158037517025832575e-01
-5.771812080536913303e-01 2.317758389628792326e-01
-5.614093959731544237e-01 2.492281804320893857e-01
-5.456375838926175170e-01 2.681757075514885069e-01
-5.298657718120806104e-01 2.885781528754153835e-01
-5.140939597315437037e-01 3.103500835938693969e-01
-4.983221476510067971e-01 3.333765949835336695e-01
-4.825503355704698905e-01 3.575326953848341760e-01
-4.667785234899328728e-01 3.827038594113461589e-01
-4.510067114093959662e-01 4.088050096639485043e-01
-4.352348993288590595e-01 4.357953463945453687e-01
-4.194630872483221529e-01 4.636869578253932644e-01
-4.036912751677852462e-01 4.925459339058783637e-01
-3.879194630872483396e-01 5.224856532144740440e-01
-3.721476510067114329e-01 5.536528747557732943e-01
-3.563758389261745263e-01 5.862081048538131389e-01
-3.406040268456376197e-01 6.203023123454457499e-01
-3.248322147651006020e-01 6.560523659922398165e-01
-3.090604026845638064e-01 6.935175536655862061e-01
-2.932885906040267887e-01 7.326792530300592077e-01
-2.775167785234899931e-01 7.734253385861125096e-01
-2.617449664429529754e-01 8.155403325515733215e-01
-2.459731543624161798e-01 8.587017400590972738e-01
-2.302013422818791621e-01 9.024825357217767241e-01
-2.144295302013423665e-01 9.463594378188566747e-01
-1.986577181208053489e-01 9.897264268428497269e-01
-1.828859060402685532e-01 1.031912907921592071e+00
-1.671140939597315356e-01 1.072205925520717473e+00
-1.513422818791947400e-01 1.109875846219519735e+00
-1.355704697986577223e-01 1.144204869586801454e+00
-1.197986577181209267e-01 1.174517568226427056e+00
-1.040268456375839090e-01 1.200212388358498083e+00
-8.825503355704711339e-02 1.220792690905012190e+00
-7.248322147651009573e-02 1.235895542286691740e+00
-5.671140939597307806e-02 1.245316159324022509e+00
-4.093959731543628244e-02 1.249025766459822107e+00
-2.516778523489926478e-02 1.247180717621583890e+00
-9.395973154362469160e-03 1.240121121851120112e+00
6.375838926174548504e-03 1.228357899959807265e+00
2.214765100671134412e-02 1.212548145660361509e+00
3.791946308724836179e-02 1.193459774456793410e+00
5.369127516778515741e-02 1.171927581812423069e+00
6.946308724832217507e-02 1.148803841881930854e+00
8.523489932885897069e-02 1.124907306117215455e+00
1.010067114093959884e-01 1.100974784745615498e+00
1.167785234899327840e-01 1.077619345251643157e+00
1.325503355704698016e-01 1.055298542002022000e+00
1.483221476510065973e-01 1.034295074264489189e+00
1.640939597315436149e-01 1.014710992685608160e+00
1.798657718120806326e-01 9.964752132505293458e-01
1.956375838926174282e-01 9.793628386335195835e-01
2.114093959731544459e-01 9.630237924486034773e-01
2.271812080536912415e-01 9.470176544811368391e-01
2.429530201342282592e-01 9.308513892209451246e-01
2.587248322147650548e-01 9.140168598754181417e-01
2.744966442953020724e-01 8.960255295560004551e-01
2.902684563758388681e-01 8.764384465094280374e-01
3.060402684563758857e-01 8.548903566205551252e-01
3.218120805369126813e-01 8.311074657899542029e-01
3.375838926174496990e-01 8.049189056436845124e-01
3.533557046979864946e-01 7.762623033373341475e-01
3.691275167785235123e-01 7.451840299033267723e-01
3.848993288590603079e-01 7.118347452887057170e-01
4.006711409395973256e-01 6.764608321950333902e-01
4.164429530201343432e-01 6.393922739159820789e-01
4.322147651006711389e-01 6.010275265161839631e-01
4.479865771812081565e-01 5.618159819553504297e-01
4.637583892617449521e-01 5.222387107435333409e-01
4.795302013422819698e-01 4.827882863742125608e-01
4.953020134228187654e-01 4.439485959743046384e-01
5.110738255033557831e-01 4.061756002611657812e-01
5.268456375838925787e-01 3.698799980782649932e-01
5.426174496644295964e-01 3.354126669977434139e-01
5.583892617449663920e-01 3.030535958551955344e-01
5.741610738255034097e-01 2.730048123332896592e-01
5.899328859060402053e-01 2.453875594800693227e-01
6.057046979865772229e-01 2.202437113203417618e-01
6.214765100671140186e-01 1.975411595600883863e-01
6.372483221476510362e-01 1.771826675105120097e-01
6.530201342281878318e-01 1.590174872817707030e-01
6.687919463087248495e-01 1.428548832566266247e-01
6.845637583892618672e-01 1.284786086101617208e-01
7.003355704697988848e-01 1.156613504163590128e-01
7.161073825503354584e-01 1.041781982383614275e-01
7.318791946308724761e-01 9.381830204995948719e-02
7.476510067114094937e-01 8.439406239108319940e-02
7.634228187919465114e-01 7.574742563134166662e-02
7.791946308724830850e-01 6.775311944174057521e-02
7.949664429530201026e-01 6.031893183433479494e-02
8.107382550335571203e-01 5.338338302413427744e-02
8.265100671140941380e-01 4.691133652831601386e-02
8.422818791946307115e-01 4.088822414598362182e-02
8.580536912751677292e-01 3.531360790467982791e-02
8.738255033557047469e-01 3.019477075131422536e-02
8.895973154362417645e-01 2.554092723985708704e-02
9.053691275167783381e-01 2.135849459208577841e-02
9.211409395973153558e-01 1.764768703411354750e-02
9.369127516778523734e-01 1.440051689846325207e-02
9.526845637583893911e-01 1.160012644908716729e-02
9.684563758389264088e-01 9.221250863532247724e-03
9.842281879194629823e-01 7.231534164794065946e-03
1.000000000000000000e+00 5.593387575482056985e-03
